{
 "cells": [
  {
   "cell_type": "code",
   "execution_count": 1,
   "metadata": {},
   "outputs": [],
   "source": [
    "import datetime\n",
    "import matplotlib.pyplot as plt\n",
    "from matplotlib import pyplot\n",
    "\n",
    "import pandas as pd\n",
    "import sklearn\n",
    "from sklearn.datasets import load_diabetes\n",
    "from sklearn.inspection import PartialDependenceDisplay\n",
    "from sklearn.neural_network import MLPRegressor\n",
    "from sklearn.pipeline import make_pipeline\n",
    "from sklearn.preprocessing import StandardScaler\n",
    "from sklearn.tree import DecisionTreeRegressor\n",
    "import numpy as np\n",
    "\n",
    "pd.set_option(\"display.max_colwidth\", 0)\n",
    "pd.set_option(\"display.max_rows\", 500)\n",
    "pd.set_option(\"display.max_columns\", 500)\n",
    "pd.set_option(\"display.width\", 1000)\n",
    "import warnings\n",
    "warnings.filterwarnings(\"ignore\")\n",
    "pd.options.display.float_format = '{:.5f}'.format"
   ]
  },
  {
   "cell_type": "code",
   "execution_count": 2,
   "metadata": {},
   "outputs": [
    {
     "data": {
      "application/javascript": [
       "IPython.notebook.set_autosave_interval(5000)"
      ]
     },
     "metadata": {},
     "output_type": "display_data"
    },
    {
     "name": "stdout",
     "output_type": "stream",
     "text": [
      "Autosaving every 5 seconds\n"
     ]
    }
   ],
   "source": [
    "import sys\n",
    "import logging\n",
    "import datetime\n",
    "\n",
    "nblog = open(\"./logs/catboost_pdp_shap_\"+str(datetime.datetime.now())+\".log\", \"a+\")\n",
    "sys.stdout.echo = nblog\n",
    "sys.stderr.echo = nblog\n",
    "\n",
    "get_ipython().log.handlers[0].stream = nblog\n",
    "get_ipython().log.setLevel(logging.INFO)\n",
    "\n",
    "%autosave 5"
   ]
  },
  {
   "cell_type": "code",
   "execution_count": 3,
   "metadata": {},
   "outputs": [
    {
     "name": "stdout",
     "output_type": "stream",
     "text": [
      "unique orders: 2767286\n",
      "unique accounts: 555121\n",
      "CPU times: user 21.4 s, sys: 2.74 s, total: 24.1 s\n",
      "Wall time: 26.9 s\n"
     ]
    },
    {
     "data": {
      "text/html": [
       "<div>\n",
       "<style scoped>\n",
       "    .dataframe tbody tr th:only-of-type {\n",
       "        vertical-align: middle;\n",
       "    }\n",
       "\n",
       "    .dataframe tbody tr th {\n",
       "        vertical-align: top;\n",
       "    }\n",
       "\n",
       "    .dataframe thead th {\n",
       "        text-align: right;\n",
       "    }\n",
       "</style>\n",
       "<table border=\"1\" class=\"dataframe\">\n",
       "  <thead>\n",
       "    <tr style=\"text-align: right;\">\n",
       "      <th></th>\n",
       "      <th>account_id</th>\n",
       "      <th>order_id</th>\n",
       "      <th>order_date</th>\n",
       "      <th>order_time</th>\n",
       "      <th>vendor_id</th>\n",
       "      <th>vendor_name</th>\n",
       "      <th>main_cuisine</th>\n",
       "      <th>vertical</th>\n",
       "      <th>delivery_fee_amount_lc</th>\n",
       "      <th>service_fee_amount_lc</th>\n",
       "      <th>basket_amount_lc</th>\n",
       "      <th>is_incentive_applied</th>\n",
       "      <th>incentive_amount_lc</th>\n",
       "      <th>pickup_id</th>\n",
       "      <th>customer_lon</th>\n",
       "      <th>customer_lat</th>\n",
       "      <th>vendor_lon</th>\n",
       "      <th>vendor_lat</th>\n",
       "      <th>order_time_hour</th>\n",
       "      <th>delivery_duration</th>\n",
       "      <th>total_duration</th>\n",
       "      <th>node_id</th>\n",
       "      <th>nearest_dist1</th>\n",
       "      <th>poi1</th>\n",
       "      <th>n_vertical</th>\n",
       "      <th>n_vendor_id</th>\n",
       "      <th>n_main_cuisine</th>\n",
       "      <th>n_vendor_name</th>\n",
       "      <th>n_vendor_lon</th>\n",
       "      <th>n_vendor_lat</th>\n",
       "      <th>vendor_index</th>\n",
       "      <th>pandana_distance_realdist</th>\n",
       "      <th>pandana_localness</th>\n",
       "      <th>speed</th>\n",
       "      <th>isweekend</th>\n",
       "      <th>price_per_item</th>\n",
       "      <th>customer_loc_id</th>\n",
       "      <th>entropy_0.5km</th>\n",
       "      <th>restaurant_count_0.5km</th>\n",
       "      <th>entropy_1km</th>\n",
       "      <th>poi_count_1km</th>\n",
       "      <th>entropy_2km</th>\n",
       "      <th>poi_count_2km</th>\n",
       "      <th>entropy_3km</th>\n",
       "      <th>poi_count_3km</th>\n",
       "      <th>entropy_4km</th>\n",
       "      <th>poi_count_4km</th>\n",
       "      <th>entropy_5km</th>\n",
       "      <th>poi_count_5km</th>\n",
       "      <th>restaurant_count_0.5_1km</th>\n",
       "      <th>restaurant_count_1_2km</th>\n",
       "      <th>restaurant_count_2_3km</th>\n",
       "      <th>restaurant_count_3_4km</th>\n",
       "      <th>restaurant_count_4_5km</th>\n",
       "      <th>estimated_rent</th>\n",
       "      <th>compensation</th>\n",
       "      <th>discounted delivery</th>\n",
       "      <th>free delivery</th>\n",
       "      <th>gem</th>\n",
       "      <th>item discount</th>\n",
       "      <th>menu discount</th>\n",
       "      <th>voucher wallet</th>\n",
       "      <th>incentives_type</th>\n",
       "      <th>incentive_delivery</th>\n",
       "      <th>incentive_menu_discount</th>\n",
       "      <th>incentive_voucher_wallet</th>\n",
       "      <th>rating</th>\n",
       "      <th>n_rating</th>\n",
       "      <th>total_orders</th>\n",
       "      <th>consistency</th>\n",
       "    </tr>\n",
       "  </thead>\n",
       "  <tbody>\n",
       "    <tr>\n",
       "      <th>0</th>\n",
       "      <td>7051337</td>\n",
       "      <td>1305576462</td>\n",
       "      <td>2023-10-10</td>\n",
       "      <td>2023-10-10 15:30:22</td>\n",
       "      <td>50868</td>\n",
       "      <td>SHAGHF, Jumeirah 3</td>\n",
       "      <td>coffee</td>\n",
       "      <td>food</td>\n",
       "      <td>0.00000</td>\n",
       "      <td>1.73000</td>\n",
       "      <td>57.75000</td>\n",
       "      <td>True</td>\n",
       "      <td>10.00000</td>\n",
       "      <td>249162013.00000</td>\n",
       "      <td>55.21388</td>\n",
       "      <td>25.15585</td>\n",
       "      <td>55.23119</td>\n",
       "      <td>25.18903</td>\n",
       "      <td>15</td>\n",
       "      <td>17</td>\n",
       "      <td>27</td>\n",
       "      <td>7584090309</td>\n",
       "      <td>0.65435</td>\n",
       "      <td>840</td>\n",
       "      <td>food</td>\n",
       "      <td>697762</td>\n",
       "      <td>coffee</td>\n",
       "      <td>Awaken Cafe, Al Wasl</td>\n",
       "      <td>55.21303</td>\n",
       "      <td>25.15146</td>\n",
       "      <td>840</td>\n",
       "      <td>4.61510</td>\n",
       "      <td>0.14179</td>\n",
       "      <td>10.25355</td>\n",
       "      <td>No</td>\n",
       "      <td>30.06471</td>\n",
       "      <td>55.21387725.155851</td>\n",
       "      <td>0.00000</td>\n",
       "      <td>0.00000</td>\n",
       "      <td>0.47137</td>\n",
       "      <td>21.00000</td>\n",
       "      <td>0.65855</td>\n",
       "      <td>105.00000</td>\n",
       "      <td>0.66518</td>\n",
       "      <td>198.00000</td>\n",
       "      <td>0.69070</td>\n",
       "      <td>296.00000</td>\n",
       "      <td>0.70457</td>\n",
       "      <td>582.00000</td>\n",
       "      <td>21.00000</td>\n",
       "      <td>84.00000</td>\n",
       "      <td>93.00000</td>\n",
       "      <td>98.00000</td>\n",
       "      <td>286.00000</td>\n",
       "      <td>90.44289</td>\n",
       "      <td>0.00000</td>\n",
       "      <td>0.00000</td>\n",
       "      <td>0.00000</td>\n",
       "      <td>0.00000</td>\n",
       "      <td>0.00000</td>\n",
       "      <td>0.00000</td>\n",
       "      <td>10.00000</td>\n",
       "      <td>voucher wallet</td>\n",
       "      <td>No</td>\n",
       "      <td>No</td>\n",
       "      <td>Yes</td>\n",
       "      <td>1.Amazing</td>\n",
       "      <td>5.None</td>\n",
       "      <td>58</td>\n",
       "      <td>0.85783</td>\n",
       "    </tr>\n",
       "    <tr>\n",
       "      <th>1</th>\n",
       "      <td>7051337</td>\n",
       "      <td>1313167366</td>\n",
       "      <td>2023-10-16</td>\n",
       "      <td>2023-10-16 16:43:34</td>\n",
       "      <td>50868</td>\n",
       "      <td>SHAGHF, Jumeirah 3</td>\n",
       "      <td>coffee</td>\n",
       "      <td>food</td>\n",
       "      <td>7.50000</td>\n",
       "      <td>0.90000</td>\n",
       "      <td>26.25000</td>\n",
       "      <td>True</td>\n",
       "      <td>10.00000</td>\n",
       "      <td>250948408.00000</td>\n",
       "      <td>55.21389</td>\n",
       "      <td>25.15572</td>\n",
       "      <td>55.23119</td>\n",
       "      <td>25.18903</td>\n",
       "      <td>16</td>\n",
       "      <td>13</td>\n",
       "      <td>31</td>\n",
       "      <td>7584090309</td>\n",
       "      <td>0.65435</td>\n",
       "      <td>840</td>\n",
       "      <td>food</td>\n",
       "      <td>697762</td>\n",
       "      <td>coffee</td>\n",
       "      <td>Awaken Cafe, Al Wasl</td>\n",
       "      <td>55.21303</td>\n",
       "      <td>25.15146</td>\n",
       "      <td>840</td>\n",
       "      <td>4.61510</td>\n",
       "      <td>0.14179</td>\n",
       "      <td>8.93051</td>\n",
       "      <td>No</td>\n",
       "      <td>30.06471</td>\n",
       "      <td>55.213885121047525.1557155663109</td>\n",
       "      <td>0.00000</td>\n",
       "      <td>0.00000</td>\n",
       "      <td>0.47137</td>\n",
       "      <td>21.00000</td>\n",
       "      <td>0.65855</td>\n",
       "      <td>105.00000</td>\n",
       "      <td>0.66603</td>\n",
       "      <td>197.00000</td>\n",
       "      <td>0.69169</td>\n",
       "      <td>295.00000</td>\n",
       "      <td>0.70585</td>\n",
       "      <td>587.00000</td>\n",
       "      <td>21.00000</td>\n",
       "      <td>84.00000</td>\n",
       "      <td>92.00000</td>\n",
       "      <td>98.00000</td>\n",
       "      <td>292.00000</td>\n",
       "      <td>90.65273</td>\n",
       "      <td>0.00000</td>\n",
       "      <td>0.00000</td>\n",
       "      <td>0.00000</td>\n",
       "      <td>0.00000</td>\n",
       "      <td>0.00000</td>\n",
       "      <td>0.00000</td>\n",
       "      <td>10.00000</td>\n",
       "      <td>voucher wallet</td>\n",
       "      <td>No</td>\n",
       "      <td>No</td>\n",
       "      <td>Yes</td>\n",
       "      <td>1.Amazing</td>\n",
       "      <td>5.None</td>\n",
       "      <td>58</td>\n",
       "      <td>0.85783</td>\n",
       "    </tr>\n",
       "  </tbody>\n",
       "</table>\n",
       "</div>"
      ],
      "text/plain": [
       "   account_id    order_id  order_date           order_time  vendor_id         vendor_name main_cuisine vertical  delivery_fee_amount_lc  service_fee_amount_lc  basket_amount_lc is_incentive_applied  incentive_amount_lc       pickup_id  customer_lon  customer_lat  vendor_lon  vendor_lat  order_time_hour  delivery_duration  total_duration     node_id  nearest_dist1  poi1 n_vertical  n_vendor_id n_main_cuisine         n_vendor_name  n_vendor_lon  n_vendor_lat  vendor_index  pandana_distance_realdist  pandana_localness    speed isweekend  price_per_item                   customer_loc_id  entropy_0.5km  restaurant_count_0.5km  entropy_1km  poi_count_1km  entropy_2km  poi_count_2km  entropy_3km  poi_count_3km  entropy_4km  poi_count_4km  entropy_5km  poi_count_5km  restaurant_count_0.5_1km  restaurant_count_1_2km  restaurant_count_2_3km  restaurant_count_3_4km  restaurant_count_4_5km  estimated_rent  compensation  discounted delivery  free delivery     gem  item discount  menu discount  \\\n",
       "0  7051337     1305576462  2023-10-10  2023-10-10 15:30:22  50868      SHAGHF, Jumeirah 3  coffee       food    0.00000                 1.73000                57.75000           True                10.00000             249162013.00000 55.21388      25.15585      55.23119    25.18903     15               17                 27              7584090309 0.65435         840   food       697762       coffee         Awaken Cafe, Al Wasl 55.21303      25.15146       840          4.61510                    0.14179            10.25355  No       30.06471         55.21387725.155851               0.00000        0.00000                 0.47137      21.00000       0.65855      105.00000      0.66518      198.00000      0.69070      296.00000      0.70457      582.00000      21.00000                  84.00000                93.00000                98.00000                286.00000               90.44289        0.00000       0.00000              0.00000        0.00000 0.00000        0.00000          \n",
       "1  7051337     1313167366  2023-10-16  2023-10-16 16:43:34  50868      SHAGHF, Jumeirah 3  coffee       food    7.50000                 0.90000                26.25000           True                10.00000             250948408.00000 55.21389      25.15572      55.23119    25.18903     16               13                 31              7584090309 0.65435         840   food       697762       coffee         Awaken Cafe, Al Wasl 55.21303      25.15146       840          4.61510                    0.14179            8.93051   No       30.06471         55.213885121047525.1557155663109 0.00000        0.00000                 0.47137      21.00000       0.65855      105.00000      0.66603      197.00000      0.69169      295.00000      0.70585      587.00000      21.00000                  84.00000                92.00000                98.00000                292.00000               90.65273        0.00000       0.00000              0.00000        0.00000 0.00000        0.00000          \n",
       "\n",
       "   voucher wallet incentives_type incentive_delivery incentive_menu_discount incentive_voucher_wallet     rating n_rating  total_orders  consistency  \n",
       "0 10.00000         voucher wallet  No                 No                      Yes                      1.Amazing  5.None   58           0.85783       \n",
       "1 10.00000         voucher wallet  No                 No                      Yes                      1.Amazing  5.None   58           0.85783       "
      ]
     },
     "execution_count": 3,
     "metadata": {},
     "output_type": "execute_result"
    }
   ],
   "source": [
    "%%time\n",
    "df_localness = pd.read_csv('./data/food_localness_final_oct.csv')\n",
    "print('unique orders:',df_localness.shape[0])\n",
    "print('unique accounts:',df_localness.account_id.unique().shape[0])\n",
    "df_localness.head(2)"
   ]
  },
  {
   "cell_type": "code",
   "execution_count": 12,
   "metadata": {
    "scrolled": true
   },
   "outputs": [],
   "source": [
    "# df_localness.incentive_voucher_wallet.value_counts()"
   ]
  },
  {
   "cell_type": "code",
   "execution_count": 4,
   "metadata": {},
   "outputs": [],
   "source": [
    "# 26 features \n",
    "df_features = df_localness[['customer_lon','customer_lat',\n",
    "                            'basket_amount_lc','price_per_item','order_time_hour','total_duration',\n",
    "                            'estimated_rent', 'entropy_0.5km','entropy_2km','entropy_5km', # these three have VIF>3 so exlcuded: 'entropy_1km', 'entropy_3km','entropy_4km',\n",
    "                            'incentive_amount_lc','incentive_delivery','incentive_menu_discount', \n",
    "                            'incentive_voucher_wallet', 'main_cuisine',\n",
    "                             'isweekend', 'consistency', 'total_orders', 'rating','n_rating',\n",
    "                            'restaurant_count_0.5km', 'restaurant_count_0.5_1km','restaurant_count_1_2km',\n",
    "                            'restaurant_count_2_3km','restaurant_count_3_4km','restaurant_count_4_5km']]\n",
    "\n",
    "categorical_list = ['isweekend','main_cuisine','incentive_delivery','incentive_menu_discount',\n",
    "                    'incentive_voucher_wallet','rating','n_rating']"
   ]
  },
  {
   "cell_type": "code",
   "execution_count": 5,
   "metadata": {},
   "outputs": [
    {
     "name": "stdout",
     "output_type": "stream",
     "text": [
      "CPU times: user 3.68 s, sys: 102 ms, total: 3.79 s\n",
      "Wall time: 3.81 s\n"
     ]
    },
    {
     "data": {
      "text/html": [
       "<div>\n",
       "<style scoped>\n",
       "    .dataframe tbody tr th:only-of-type {\n",
       "        vertical-align: middle;\n",
       "    }\n",
       "\n",
       "    .dataframe tbody tr th {\n",
       "        vertical-align: top;\n",
       "    }\n",
       "\n",
       "    .dataframe thead th {\n",
       "        text-align: right;\n",
       "    }\n",
       "</style>\n",
       "<table border=\"1\" class=\"dataframe\">\n",
       "  <thead>\n",
       "    <tr style=\"text-align: right;\">\n",
       "      <th></th>\n",
       "      <th>customer_lon</th>\n",
       "      <th>customer_lat</th>\n",
       "      <th>basket_amount_lc</th>\n",
       "      <th>price_per_item</th>\n",
       "      <th>order_time_hour</th>\n",
       "      <th>total_duration</th>\n",
       "      <th>estimated_rent</th>\n",
       "      <th>entropy_0.5km</th>\n",
       "      <th>entropy_2km</th>\n",
       "      <th>entropy_5km</th>\n",
       "      <th>incentive_amount_lc</th>\n",
       "      <th>consistency</th>\n",
       "      <th>total_orders</th>\n",
       "      <th>restaurant_count_0.5km</th>\n",
       "      <th>restaurant_count_0.5_1km</th>\n",
       "      <th>restaurant_count_1_2km</th>\n",
       "      <th>restaurant_count_2_3km</th>\n",
       "      <th>restaurant_count_3_4km</th>\n",
       "      <th>restaurant_count_4_5km</th>\n",
       "    </tr>\n",
       "  </thead>\n",
       "  <tbody>\n",
       "    <tr>\n",
       "      <th>customer_lon</th>\n",
       "      <td>3.70629</td>\n",
       "      <td>-2.45762</td>\n",
       "      <td>-0.02420</td>\n",
       "      <td>-0.01551</td>\n",
       "      <td>-0.04458</td>\n",
       "      <td>0.10943</td>\n",
       "      <td>0.67141</td>\n",
       "      <td>-0.07990</td>\n",
       "      <td>-0.18189</td>\n",
       "      <td>0.17664</td>\n",
       "      <td>0.00844</td>\n",
       "      <td>-0.07614</td>\n",
       "      <td>-0.05048</td>\n",
       "      <td>0.32226</td>\n",
       "      <td>0.33977</td>\n",
       "      <td>0.40107</td>\n",
       "      <td>0.37678</td>\n",
       "      <td>0.64220</td>\n",
       "      <td>0.75418</td>\n",
       "    </tr>\n",
       "    <tr>\n",
       "      <th>customer_lat</th>\n",
       "      <td>-2.45762</td>\n",
       "      <td>2.81488</td>\n",
       "      <td>0.03516</td>\n",
       "      <td>0.04556</td>\n",
       "      <td>0.06036</td>\n",
       "      <td>-0.15489</td>\n",
       "      <td>-0.03429</td>\n",
       "      <td>0.01579</td>\n",
       "      <td>0.00247</td>\n",
       "      <td>-0.09927</td>\n",
       "      <td>0.05932</td>\n",
       "      <td>0.06316</td>\n",
       "      <td>0.07037</td>\n",
       "      <td>-0.07377</td>\n",
       "      <td>-0.25062</td>\n",
       "      <td>-0.38996</td>\n",
       "      <td>-0.45094</td>\n",
       "      <td>-0.47944</td>\n",
       "      <td>-0.59561</td>\n",
       "    </tr>\n",
       "    <tr>\n",
       "      <th>basket_amount_lc</th>\n",
       "      <td>-0.02420</td>\n",
       "      <td>0.03516</td>\n",
       "      <td>1.13185</td>\n",
       "      <td>-0.16840</td>\n",
       "      <td>-0.04474</td>\n",
       "      <td>-0.22459</td>\n",
       "      <td>-0.06663</td>\n",
       "      <td>0.06472</td>\n",
       "      <td>0.00144</td>\n",
       "      <td>-0.02470</td>\n",
       "      <td>-0.16076</td>\n",
       "      <td>-0.02330</td>\n",
       "      <td>0.03743</td>\n",
       "      <td>0.00204</td>\n",
       "      <td>0.00835</td>\n",
       "      <td>0.00224</td>\n",
       "      <td>0.01141</td>\n",
       "      <td>0.01278</td>\n",
       "      <td>0.00063</td>\n",
       "    </tr>\n",
       "    <tr>\n",
       "      <th>price_per_item</th>\n",
       "      <td>-0.01551</td>\n",
       "      <td>0.04556</td>\n",
       "      <td>-0.16840</td>\n",
       "      <td>1.08999</td>\n",
       "      <td>-0.02284</td>\n",
       "      <td>-0.02652</td>\n",
       "      <td>-0.05286</td>\n",
       "      <td>-0.00991</td>\n",
       "      <td>-0.01512</td>\n",
       "      <td>-0.01453</td>\n",
       "      <td>-0.17636</td>\n",
       "      <td>-0.08142</td>\n",
       "      <td>-0.04067</td>\n",
       "      <td>0.00202</td>\n",
       "      <td>-0.00106</td>\n",
       "      <td>-0.00832</td>\n",
       "      <td>-0.00272</td>\n",
       "      <td>0.00279</td>\n",
       "      <td>-0.01102</td>\n",
       "    </tr>\n",
       "    <tr>\n",
       "      <th>order_time_hour</th>\n",
       "      <td>-0.04458</td>\n",
       "      <td>0.06036</td>\n",
       "      <td>-0.04474</td>\n",
       "      <td>-0.02284</td>\n",
       "      <td>1.01633</td>\n",
       "      <td>-0.06860</td>\n",
       "      <td>0.04748</td>\n",
       "      <td>0.03042</td>\n",
       "      <td>-0.00760</td>\n",
       "      <td>-0.02945</td>\n",
       "      <td>-0.00211</td>\n",
       "      <td>-0.00485</td>\n",
       "      <td>0.03349</td>\n",
       "      <td>-0.00279</td>\n",
       "      <td>-0.00748</td>\n",
       "      <td>0.00772</td>\n",
       "      <td>0.00456</td>\n",
       "      <td>0.01346</td>\n",
       "      <td>0.00710</td>\n",
       "    </tr>\n",
       "    <tr>\n",
       "      <th>total_duration</th>\n",
       "      <td>0.10943</td>\n",
       "      <td>-0.15489</td>\n",
       "      <td>-0.22459</td>\n",
       "      <td>-0.02652</td>\n",
       "      <td>-0.06860</td>\n",
       "      <td>1.10045</td>\n",
       "      <td>-0.09775</td>\n",
       "      <td>-0.04125</td>\n",
       "      <td>0.05976</td>\n",
       "      <td>0.10686</td>\n",
       "      <td>-0.09132</td>\n",
       "      <td>0.00114</td>\n",
       "      <td>0.02088</td>\n",
       "      <td>0.02836</td>\n",
       "      <td>0.00151</td>\n",
       "      <td>-0.00089</td>\n",
       "      <td>-0.01041</td>\n",
       "      <td>-0.00698</td>\n",
       "      <td>-0.00226</td>\n",
       "    </tr>\n",
       "    <tr>\n",
       "      <th>estimated_rent</th>\n",
       "      <td>0.67141</td>\n",
       "      <td>-0.03429</td>\n",
       "      <td>-0.06663</td>\n",
       "      <td>-0.05286</td>\n",
       "      <td>0.04748</td>\n",
       "      <td>-0.09775</td>\n",
       "      <td>1.61266</td>\n",
       "      <td>-0.18671</td>\n",
       "      <td>0.20738</td>\n",
       "      <td>-0.16706</td>\n",
       "      <td>0.02271</td>\n",
       "      <td>-0.00475</td>\n",
       "      <td>-0.01853</td>\n",
       "      <td>0.15403</td>\n",
       "      <td>-0.06017</td>\n",
       "      <td>-0.40000</td>\n",
       "      <td>-0.16507</td>\n",
       "      <td>0.09097</td>\n",
       "      <td>-0.08134</td>\n",
       "    </tr>\n",
       "    <tr>\n",
       "      <th>entropy_0.5km</th>\n",
       "      <td>-0.07990</td>\n",
       "      <td>0.01579</td>\n",
       "      <td>0.06472</td>\n",
       "      <td>-0.00991</td>\n",
       "      <td>0.03042</td>\n",
       "      <td>-0.04125</td>\n",
       "      <td>-0.18671</td>\n",
       "      <td>2.61874</td>\n",
       "      <td>-0.74345</td>\n",
       "      <td>0.27327</td>\n",
       "      <td>-0.05132</td>\n",
       "      <td>0.01166</td>\n",
       "      <td>0.04154</td>\n",
       "      <td>-1.28350</td>\n",
       "      <td>-0.35790</td>\n",
       "      <td>-0.01807</td>\n",
       "      <td>-0.15068</td>\n",
       "      <td>-0.28592</td>\n",
       "      <td>-0.08635</td>\n",
       "    </tr>\n",
       "    <tr>\n",
       "      <th>entropy_2km</th>\n",
       "      <td>-0.18189</td>\n",
       "      <td>0.00247</td>\n",
       "      <td>0.00144</td>\n",
       "      <td>-0.01512</td>\n",
       "      <td>-0.00760</td>\n",
       "      <td>0.05976</td>\n",
       "      <td>0.20738</td>\n",
       "      <td>-0.74345</td>\n",
       "      <td>2.64978</td>\n",
       "      <td>-1.04817</td>\n",
       "      <td>-0.00733</td>\n",
       "      <td>-0.02733</td>\n",
       "      <td>-0.00583</td>\n",
       "      <td>0.15367</td>\n",
       "      <td>-0.14447</td>\n",
       "      <td>-0.73363</td>\n",
       "      <td>-0.25584</td>\n",
       "      <td>-0.29429</td>\n",
       "      <td>0.05042</td>\n",
       "    </tr>\n",
       "    <tr>\n",
       "      <th>entropy_5km</th>\n",
       "      <td>0.17664</td>\n",
       "      <td>-0.09927</td>\n",
       "      <td>-0.02470</td>\n",
       "      <td>-0.01453</td>\n",
       "      <td>-0.02945</td>\n",
       "      <td>0.10686</td>\n",
       "      <td>-0.16706</td>\n",
       "      <td>0.27327</td>\n",
       "      <td>-1.04817</td>\n",
       "      <td>1.87570</td>\n",
       "      <td>-0.00390</td>\n",
       "      <td>-0.04043</td>\n",
       "      <td>-0.06354</td>\n",
       "      <td>-0.14076</td>\n",
       "      <td>-0.02867</td>\n",
       "      <td>0.06978</td>\n",
       "      <td>-0.13796</td>\n",
       "      <td>-0.05106</td>\n",
       "      <td>-0.34110</td>\n",
       "    </tr>\n",
       "    <tr>\n",
       "      <th>incentive_amount_lc</th>\n",
       "      <td>0.00844</td>\n",
       "      <td>0.05932</td>\n",
       "      <td>-0.16076</td>\n",
       "      <td>-0.17636</td>\n",
       "      <td>-0.00211</td>\n",
       "      <td>-0.09132</td>\n",
       "      <td>0.02271</td>\n",
       "      <td>-0.05132</td>\n",
       "      <td>-0.00733</td>\n",
       "      <td>-0.00390</td>\n",
       "      <td>1.08966</td>\n",
       "      <td>-0.01693</td>\n",
       "      <td>0.03969</td>\n",
       "      <td>-0.00536</td>\n",
       "      <td>-0.00746</td>\n",
       "      <td>-0.00932</td>\n",
       "      <td>-0.00163</td>\n",
       "      <td>-0.00516</td>\n",
       "      <td>0.00219</td>\n",
       "    </tr>\n",
       "    <tr>\n",
       "      <th>consistency</th>\n",
       "      <td>-0.07614</td>\n",
       "      <td>0.06316</td>\n",
       "      <td>-0.02330</td>\n",
       "      <td>-0.08142</td>\n",
       "      <td>-0.00485</td>\n",
       "      <td>0.00114</td>\n",
       "      <td>-0.00475</td>\n",
       "      <td>0.01166</td>\n",
       "      <td>-0.02733</td>\n",
       "      <td>-0.04043</td>\n",
       "      <td>-0.01693</td>\n",
       "      <td>1.04281</td>\n",
       "      <td>-0.16930</td>\n",
       "      <td>-0.00145</td>\n",
       "      <td>0.01516</td>\n",
       "      <td>0.00981</td>\n",
       "      <td>0.00199</td>\n",
       "      <td>0.01118</td>\n",
       "      <td>-0.00819</td>\n",
       "    </tr>\n",
       "    <tr>\n",
       "      <th>total_orders</th>\n",
       "      <td>-0.05048</td>\n",
       "      <td>0.07037</td>\n",
       "      <td>0.03743</td>\n",
       "      <td>-0.04067</td>\n",
       "      <td>0.03349</td>\n",
       "      <td>0.02088</td>\n",
       "      <td>-0.01853</td>\n",
       "      <td>0.04154</td>\n",
       "      <td>-0.00583</td>\n",
       "      <td>-0.06354</td>\n",
       "      <td>0.03969</td>\n",
       "      <td>-0.16930</td>\n",
       "      <td>1.04196</td>\n",
       "      <td>-0.00214</td>\n",
       "      <td>0.00369</td>\n",
       "      <td>-0.03060</td>\n",
       "      <td>0.00703</td>\n",
       "      <td>0.00216</td>\n",
       "      <td>0.00494</td>\n",
       "    </tr>\n",
       "    <tr>\n",
       "      <th>restaurant_count_0.5km</th>\n",
       "      <td>0.32226</td>\n",
       "      <td>-0.07377</td>\n",
       "      <td>0.00204</td>\n",
       "      <td>0.00202</td>\n",
       "      <td>-0.00279</td>\n",
       "      <td>0.02836</td>\n",
       "      <td>0.15403</td>\n",
       "      <td>-1.28350</td>\n",
       "      <td>0.15367</td>\n",
       "      <td>-0.14076</td>\n",
       "      <td>-0.00536</td>\n",
       "      <td>-0.00145</td>\n",
       "      <td>-0.00214</td>\n",
       "      <td>2.23770</td>\n",
       "      <td>-0.41087</td>\n",
       "      <td>-0.29261</td>\n",
       "      <td>0.19097</td>\n",
       "      <td>0.14901</td>\n",
       "      <td>0.19823</td>\n",
       "    </tr>\n",
       "    <tr>\n",
       "      <th>restaurant_count_0.5_1km</th>\n",
       "      <td>0.33977</td>\n",
       "      <td>-0.25062</td>\n",
       "      <td>0.00835</td>\n",
       "      <td>-0.00106</td>\n",
       "      <td>-0.00748</td>\n",
       "      <td>0.00151</td>\n",
       "      <td>-0.06017</td>\n",
       "      <td>-0.35790</td>\n",
       "      <td>-0.14447</td>\n",
       "      <td>-0.02867</td>\n",
       "      <td>-0.00746</td>\n",
       "      <td>0.01516</td>\n",
       "      <td>0.00369</td>\n",
       "      <td>-0.41087</td>\n",
       "      <td>2.07942</td>\n",
       "      <td>-0.79967</td>\n",
       "      <td>0.19641</td>\n",
       "      <td>0.07453</td>\n",
       "      <td>0.11779</td>\n",
       "    </tr>\n",
       "    <tr>\n",
       "      <th>restaurant_count_1_2km</th>\n",
       "      <td>0.40107</td>\n",
       "      <td>-0.38996</td>\n",
       "      <td>0.00224</td>\n",
       "      <td>-0.00832</td>\n",
       "      <td>0.00772</td>\n",
       "      <td>-0.00089</td>\n",
       "      <td>-0.40000</td>\n",
       "      <td>-0.01807</td>\n",
       "      <td>-0.73363</td>\n",
       "      <td>0.06978</td>\n",
       "      <td>-0.00932</td>\n",
       "      <td>0.00981</td>\n",
       "      <td>-0.03060</td>\n",
       "      <td>-0.29261</td>\n",
       "      <td>-0.79967</td>\n",
       "      <td>2.56743</td>\n",
       "      <td>-0.49679</td>\n",
       "      <td>0.37579</td>\n",
       "      <td>0.13807</td>\n",
       "    </tr>\n",
       "    <tr>\n",
       "      <th>restaurant_count_2_3km</th>\n",
       "      <td>0.37678</td>\n",
       "      <td>-0.45094</td>\n",
       "      <td>0.01141</td>\n",
       "      <td>-0.00272</td>\n",
       "      <td>0.00456</td>\n",
       "      <td>-0.01041</td>\n",
       "      <td>-0.16507</td>\n",
       "      <td>-0.15068</td>\n",
       "      <td>-0.25584</td>\n",
       "      <td>-0.13796</td>\n",
       "      <td>-0.00163</td>\n",
       "      <td>0.00199</td>\n",
       "      <td>0.00703</td>\n",
       "      <td>0.19097</td>\n",
       "      <td>0.19641</td>\n",
       "      <td>-0.49679</td>\n",
       "      <td>1.74919</td>\n",
       "      <td>-0.48589</td>\n",
       "      <td>0.39756</td>\n",
       "    </tr>\n",
       "    <tr>\n",
       "      <th>restaurant_count_3_4km</th>\n",
       "      <td>0.64220</td>\n",
       "      <td>-0.47944</td>\n",
       "      <td>0.01278</td>\n",
       "      <td>0.00279</td>\n",
       "      <td>0.01346</td>\n",
       "      <td>-0.00698</td>\n",
       "      <td>0.09097</td>\n",
       "      <td>-0.28592</td>\n",
       "      <td>-0.29429</td>\n",
       "      <td>-0.05106</td>\n",
       "      <td>-0.00516</td>\n",
       "      <td>0.01118</td>\n",
       "      <td>0.00216</td>\n",
       "      <td>0.14901</td>\n",
       "      <td>0.07453</td>\n",
       "      <td>0.37579</td>\n",
       "      <td>-0.48589</td>\n",
       "      <td>1.87004</td>\n",
       "      <td>-0.60471</td>\n",
       "    </tr>\n",
       "    <tr>\n",
       "      <th>restaurant_count_4_5km</th>\n",
       "      <td>0.75418</td>\n",
       "      <td>-0.59561</td>\n",
       "      <td>0.00063</td>\n",
       "      <td>-0.01102</td>\n",
       "      <td>0.00710</td>\n",
       "      <td>-0.00226</td>\n",
       "      <td>-0.08134</td>\n",
       "      <td>-0.08635</td>\n",
       "      <td>0.05042</td>\n",
       "      <td>-0.34110</td>\n",
       "      <td>0.00219</td>\n",
       "      <td>-0.00819</td>\n",
       "      <td>0.00494</td>\n",
       "      <td>0.19823</td>\n",
       "      <td>0.11779</td>\n",
       "      <td>0.13807</td>\n",
       "      <td>0.39756</td>\n",
       "      <td>-0.60471</td>\n",
       "      <td>1.66496</td>\n",
       "    </tr>\n",
       "  </tbody>\n",
       "</table>\n",
       "</div>"
      ],
      "text/plain": [
       "                          customer_lon  customer_lat  basket_amount_lc  price_per_item  order_time_hour  total_duration  estimated_rent  entropy_0.5km  entropy_2km  entropy_5km  incentive_amount_lc  consistency  total_orders  restaurant_count_0.5km  restaurant_count_0.5_1km  restaurant_count_1_2km  restaurant_count_2_3km  restaurant_count_3_4km  restaurant_count_4_5km\n",
       "customer_lon             3.70629       -2.45762      -0.02420          -0.01551        -0.04458         0.10943         0.67141         -0.07990       -0.18189     0.17664      0.00844              -0.07614     -0.05048      0.32226                 0.33977                   0.40107                 0.37678                 0.64220                 0.75418                \n",
       "customer_lat             -2.45762      2.81488       0.03516           0.04556         0.06036          -0.15489        -0.03429        0.01579        0.00247      -0.09927     0.05932              0.06316      0.07037       -0.07377                -0.25062                  -0.38996                -0.45094                -0.47944                -0.59561               \n",
       "basket_amount_lc         -0.02420      0.03516       1.13185           -0.16840        -0.04474         -0.22459        -0.06663        0.06472        0.00144      -0.02470     -0.16076             -0.02330     0.03743       0.00204                 0.00835                   0.00224                 0.01141                 0.01278                 0.00063                \n",
       "price_per_item           -0.01551      0.04556       -0.16840          1.08999         -0.02284         -0.02652        -0.05286        -0.00991       -0.01512     -0.01453     -0.17636             -0.08142     -0.04067      0.00202                 -0.00106                  -0.00832                -0.00272                0.00279                 -0.01102               \n",
       "order_time_hour          -0.04458      0.06036       -0.04474          -0.02284        1.01633          -0.06860        0.04748         0.03042        -0.00760     -0.02945     -0.00211             -0.00485     0.03349       -0.00279                -0.00748                  0.00772                 0.00456                 0.01346                 0.00710                \n",
       "total_duration           0.10943       -0.15489      -0.22459          -0.02652        -0.06860         1.10045         -0.09775        -0.04125       0.05976      0.10686      -0.09132             0.00114      0.02088       0.02836                 0.00151                   -0.00089                -0.01041                -0.00698                -0.00226               \n",
       "estimated_rent           0.67141       -0.03429      -0.06663          -0.05286        0.04748          -0.09775        1.61266         -0.18671       0.20738      -0.16706     0.02271              -0.00475     -0.01853      0.15403                 -0.06017                  -0.40000                -0.16507                0.09097                 -0.08134               \n",
       "entropy_0.5km            -0.07990      0.01579       0.06472           -0.00991        0.03042          -0.04125        -0.18671        2.61874        -0.74345     0.27327      -0.05132             0.01166      0.04154       -1.28350                -0.35790                  -0.01807                -0.15068                -0.28592                -0.08635               \n",
       "entropy_2km              -0.18189      0.00247       0.00144           -0.01512        -0.00760         0.05976         0.20738         -0.74345       2.64978      -1.04817     -0.00733             -0.02733     -0.00583      0.15367                 -0.14447                  -0.73363                -0.25584                -0.29429                0.05042                \n",
       "entropy_5km              0.17664       -0.09927      -0.02470          -0.01453        -0.02945         0.10686         -0.16706        0.27327        -1.04817     1.87570      -0.00390             -0.04043     -0.06354      -0.14076                -0.02867                  0.06978                 -0.13796                -0.05106                -0.34110               \n",
       "incentive_amount_lc      0.00844       0.05932       -0.16076          -0.17636        -0.00211         -0.09132        0.02271         -0.05132       -0.00733     -0.00390     1.08966              -0.01693     0.03969       -0.00536                -0.00746                  -0.00932                -0.00163                -0.00516                0.00219                \n",
       "consistency              -0.07614      0.06316       -0.02330          -0.08142        -0.00485         0.00114         -0.00475        0.01166        -0.02733     -0.04043     -0.01693             1.04281      -0.16930      -0.00145                0.01516                   0.00981                 0.00199                 0.01118                 -0.00819               \n",
       "total_orders             -0.05048      0.07037       0.03743           -0.04067        0.03349          0.02088         -0.01853        0.04154        -0.00583     -0.06354     0.03969              -0.16930     1.04196       -0.00214                0.00369                   -0.03060                0.00703                 0.00216                 0.00494                \n",
       "restaurant_count_0.5km   0.32226       -0.07377      0.00204           0.00202         -0.00279         0.02836         0.15403         -1.28350       0.15367      -0.14076     -0.00536             -0.00145     -0.00214      2.23770                 -0.41087                  -0.29261                0.19097                 0.14901                 0.19823                \n",
       "restaurant_count_0.5_1km 0.33977       -0.25062      0.00835           -0.00106        -0.00748         0.00151         -0.06017        -0.35790       -0.14447     -0.02867     -0.00746             0.01516      0.00369       -0.41087                2.07942                   -0.79967                0.19641                 0.07453                 0.11779                \n",
       "restaurant_count_1_2km   0.40107       -0.38996      0.00224           -0.00832        0.00772          -0.00089        -0.40000        -0.01807       -0.73363     0.06978      -0.00932             0.00981      -0.03060      -0.29261                -0.79967                  2.56743                 -0.49679                0.37579                 0.13807                \n",
       "restaurant_count_2_3km   0.37678       -0.45094      0.01141           -0.00272        0.00456          -0.01041        -0.16507        -0.15068       -0.25584     -0.13796     -0.00163             0.00199      0.00703       0.19097                 0.19641                   -0.49679                1.74919                 -0.48589                0.39756                \n",
       "restaurant_count_3_4km   0.64220       -0.47944      0.01278           0.00279         0.01346          -0.00698        0.09097         -0.28592       -0.29429     -0.05106     -0.00516             0.01118      0.00216       0.14901                 0.07453                   0.37579                 -0.48589                1.87004                 -0.60471               \n",
